-13
828
51
-74
-1
1.6666666666666667
0
-43
-10
1189
4028
609
18
0.7105263157894737
0.8
33
-58
141
0.5686274509803921
47
100
15
80
-81
-33
84
10.0
160
36
-81
1.1973684210526316
29
73
21
44
0.04
105
2.6470588235294117
-55
83
111
65
1.2444444444444445
3591
2
1.2619047619047619
5626
2295
23
152
1517
540
24
0.5185185185185185
106
0.30666666666666664
98
51
3.357142857142857
80
87
0.6875
4312
-18
1738
3000
41
8.363636363636363
5382
11.0
74
-42
3360
23
80
0.8222222222222222
1.2272727272727273
1.0204081632653061
-4
12
1.6904761904761905
12
0.13333333333333333
5828
66
1392
0.2875
-45
329
58
0.5
61
1.4915254237288136
1.088235294117647
31
6248
112
37
0.9814814814814815
107
1680
18
0.4426229508196721
3526
47
69.0
2350
273
135
0.39215686274509803
109
765
384
1.2857142857142858
59
66
12
114
41
0.40540540540540543
74
73
106
6177
0.7894736842105263
972
-61
97
137
-79
1.2580645161290323
-18
2.1481481481481484
-5
2.2790697674418605
85
19
85
0.2
2052
142
1580
0.46296296296296297
147
-14
118
168
120
5.25
87
36
767
0.8829787234042553
3567
-36
8526
725
5478
0
26
136
37
0
102
120
2990
5180
31
4272
15.0
72
2.022727272727273
57
4020
1.3174603174603174
97
11
81
-39
16
1365
2.6333333333333333
3835
1.3666666666666667
2624
157
0.2891566265060241
1491
13
4704
0.7682926829268293
57
70
756
0.15853658536585366
50
9216
-24
1.0256410256410255
3948
102
1.7096774193548387
1.1538461538461537
17
130
114
45
24
6552
0.9538461538461539
10.125
111
111
34
8.625
38
0.48484848484848486
43
5159
-48
26
68
0.3225806451612903
51
5760
38
0.21951219512195122
3
1694
22
21
8.428571428571429
0.9523809523809523
2800
1680
-13
97
23
89
58
5481
-22
0.8243243243243243
6175
32
-12
-29
107
1344
0
672
0.6875
88
93
2988
3024
0.20588235294117646
37
-2
-28
45
168
86
1584
0.8333333333333334
-14
-33
-27
0.6060606060606061
72
95
22
2.48
124
0.48
0.7837837837837838
98
3.217391304347826
0.0375
-94
147
44
736
2.90625
-47
-66
8099
4.095238095238095
93
576
158
5002
6460
920
35
38
7.076923076923077
1064
0.8111111111111111
-7
1.8627450980392157
70
-6
1728
-83
1248
0.24242424242424243
100
1680
0.21052631578947367
4284
2.5833333333333335
140
-12
0.3655913978494624
154
0.11363636363636363
151
128
-5
55
13
2205
0.9210526315789473
0.967032967032967
1.0789473684210527
924
40
1.608695652173913
-61
84
3.1923076923076925
185
143
5.866666666666666
2720
-41
0.04285714285714286
2325
0.375
148
61
124
1760
-22
1725
102
106
77
2.4375
70
-71
1247
3.3333333333333335
111
-28
2376
4356
0.39473684210526316
0.5
3652
738
0.07692307692307693
1.7333333333333334
0.328125
0.7605633802816901
1003
4004
-11
0.8103448275862069
-51
127
60
1.024390243902439
35.0
3276
59
3552
108
129
7
34
152
7.0
136
-87
1.0816326530612246
1.3
1767
249
5440
1320
110
168
129
2380
6003
273
-40
50
1.5405405405405406
34
990
135
0.9047619047619048
0.020833333333333332
2
28
504
0.8297872340425532
1.75
-50
2650
1386
-64
1.7735849056603774
62
0.9285714285714286
72
56
2920
26
0.7349397590361446
-3
-62
2530
1891
780
144
6853
-8
-24
-55
1900
-40
3
2982
79
2108
89
270
104
6734
-76
-11
119
4524
14
26
0.24242424242424243
2108
1122
184
104
112
-49
-39
159
5292
2.7222222222222223
132
5950
98
1.403225806451613
23
-62
78
9
71
174
2.0238095238095237
1.3103448275862069
0.4492753623188406
0.6951219512195121
111
0.9213483146067416
24
1411
36
29
-3
94
0.05952380952380952
-35
95.0
78
0.8524590163934426
792
-78
80
143
21
2.4
1.9411764705882353
4488
14.0
0.1111111111111111
3.9545454545454546
37
-62
0
60
51
46
1190
-5
5.7
1482
2.5238095238095237
-10
10.0
139
972
126
19.0
122
31
0.49295774647887325
-38
-18
0.23809523809523808
1.1951219512195121
-16
28
138
1.0294117647058822
0.9285714285714286
1260
3.1538461538461537
-20
5.764705882352941
91
3744
113
66
-49
2142
1330
23
0.2765957446808511
0.8645833333333334
0.04
0.029411764705882353
0.7068965517241379
157
7448
5
-24
138
1421
-50
101
69
1.1666666666666667
5952
4216
132
-60
520
3180
61
154
1.2203389830508475
174
43
7
132
1.1891891891891893
2550
850
93
0.8
150
1750
46
-31
5278
34
560
60
3071
12
49
70
135
-9
71
2185
468
-7
0.09411764705882353
-34
1.4054054054054055
131
0.704225352112676
1.9361702127659575
77
102
1914
2756
-31
4752
3.5238095238095237
6.153846153846154
30
39
32
139
21
26
125
149
106
165
1.15
108
124
0.14285714285714285
6.25
5445
142
2.3421052631578947
179
0.8292682926829268
2052
10.0
1428
1.8695652173913044
1.5121951219512195
121
-39
308
40
440
-38
352
116
72.0
1537
42
425
6570
7885
59
1.96
0.12903225806451613
0.9120879120879121
152
180
-51
-32
146
1530
0.5476190476190477
1
14
10.777777777777779
1.037037037037037
-67
2553
49
2310
1344
-73
408
-45
21
2520
-47
-19
153
1710
1330
5846
0.6707317073170732
4.625
43
-49
16
0.6352941176470588
0.8285714285714286
2.9
-10
33
51
34
2640
208
0.4810126582278481
59
6600
648
3.2
0.7534246575342466
204
5893
0.19402985074626866
2.933333333333333
1.6590909090909092
47
41
-9
0.95
35
7154
7
-51
151
114
288
-38
0.9767441860465116
16.6
55
2300
1800
62
3840
62
980
1580
5046
1080
56
483
0.2786885245901639
5135
32
42
0.04878048780487805
-21
0.045454545454545456
0.8791208791208791
912
9600
1920
140
2047
2.0606060606060606
-39
100
5187
-89
38
66
48
-26
57
164
22
4488
151
44
0.1
3700
172
5590
5
98
5.285714285714286
1792
90
95
142
154
115
96
-14
10
-39
-53
1.40625
1330
2.380952380952381
56
-18
96
91
107
-33
123
57
163
130
-33
47
65
2646
128
146
87
3420
3819
0.3333333333333333
148
99
1422
12
0.7142857142857143
-11
-60
111
-39
-51
0.09523809523809523
105
-10
900
792
-5
0.05405405405405406
0.07142857142857142
42
1.435483870967742
1.6666666666666667
1.8529411764705883
2.2857142857142856
3526
-6
3
43
244
94
2256
2184
-21
2.357142857142857
4320
1817
2.25
135
2.310344827586207
59
111
58
0.0625
0.5625
100
89
92
-36
-6
78
17
0.56
14
47.0
-20
1.25
28
88
559
196
92
174
3081
2520
-56
15
1300
154
2
-10
70
2175
104
3.0
120
2257
11.25
57
3105
1.1379310344827587
12
98
0.6578947368421053
-11
3.3846153846153846
110
109
0.4065934065934066
0.4339622641509434
1050
784
-9
1566
47
34
1380
12.25
1701
1020
127
0.475
39
5
87
1365
83
92
1.7741935483870968
-60
116
6.875
1944
-74
58
131
-95
-42
513
6972
7663
107
-64
936
58
5670
2.787878787878788
1.2
1.7924528301886793
21
94
29
-69
1804
1518
-32
1092
4968
101
0.17543859649122806
6402
0.7857142857142857
2.0476190476190474
1180
3560
-25
27
119
3672
0.013888888888888888
-64
-69
108
2460
-25
6800
29
1885
2820
111
56
111
91
46
0.8552631578947368
121
-15
0.7222222222222222
0.20430107526881722
-50
130
0.9333333333333333
2.8846153846153846
1.1538461538461537
999
2.25
55
24
13
4.416666666666667
-55
29
6318
-7
192
60
24
178
112
-11
3
170
-71
132
4455
45
1.2156862745098038
58
-20
17
1.4545454545454546
1.1369863013698631
157
-1
2765
5
119
99
